src/test/resources/ionex/jammed-fields.14i
     1.1            IONOSPHERE MAPS     MIX                 IONEX VERSION / TYPE
EDITOR              someone             2024-09-17T08:24:02 PGM / RUN BY / DATE
  2014     2    13     2     0     0                        EPOCH OF FIRST MAP
  2014     2    13     6     0     0                        EPOCH OF LAST MAP
 14400                                                      INTERVAL
     2                                                      # OF MAPS IN FILE
  NONE                                                      MAPPING_FUNCTION
     0.0                                                    ELEVATION_CUTOFF
                                                            OBSERVABLES USED
     0                                                      # OF STATIONS
     0                                                      # OF SATELLITES
     E     0     0                                          SYS / #STA / #SAT
  6378.1                                                    BASE RADIUS
     2                                                      MAP DIMENSION
   400.0 400.0   0.0                                        HGT1 / HGT2 / DHGT
    25.0  20.0  -2.5                                        LAT1 / LAT2 / DLAT
  -180.0 180.0   5.0                                        LON1 / LON2 / DLON
    -2                                                      EXPONENT
                                                            END OF HEADER
     1                                                      START OF TEC MAP
  2014     2    13     2     0     0                        EPOCH OF CURRENT MAP
    25.0-180.0 180.0   5.0 400.0                            LAT/LON1/LON2/DLON/H
 8917 8768 8328 7660 6921 6212 5583 4933 4254 3634 3164 2864 2664 2484 2294 2104
 1924 1784 1684 1673 1723 1812 1892 1942 1962 2021 2141 2321 2461 2501 2471 2402
 2322 2242 2111 1911 1662 1462 1362 1352 1361 1331 1261 1181 1151 1151 1121 1060
 1030 1120 1389 1808 2297 2756 3165 3565 3995 4475 4994 5574 6213 6873 7443 7863
 8123 8264 8305 8276 8237 8308 8547 8807 8917
    22.5-180.0 180.0   5.0 400.0                            LAT/LON1/LON2/DLON/H
1015710167 9847 9229 8451 7643 6854 6035 5165 4355 3735 3305 2994 2724 2454 2164
 1915 1715 1574 1514 1553 1653 1802 1952 2092 2262 2472 2711 2871 2921 2872 2782
 2662 2532 2342 2082 1782 1532 1392 1352 1322 1262 1161 1061 1021 1011  981  930
  910 1030 1349 1818 2347 2826 3275 3724 4224 4774 5374 6013 6723 7422 8022 8452
 8723 8863 8905 8866 8837 8978 9377 983710157
    20.0-180.0 180.0   5.0 400.0                            LAT/LON1/LON2/DLON/H
10966111761102710548 9831 9013 8155 7236 6246 5296 4526 3975 3545 3145 2744 2365
 2025 1785 1615 1534 1554 1683 1883 2122 2362 2612 2882 3142 3302 3322 3242 3112
 2952 2762 2522 2212 1872 1593 1403 1312 1252 1152 1022  922  871  861  841  800
  810  970 1329 1838 2397 2915 3405 3904 4464 5064 5703 6353 7042 7712 8272 8662
 8893 9034 9095 9087 9098 9308 98281046710966
     1                                                      END OF TEC MAP
     2                                                      START OF TEC MAP
  2014     2    13     6     0     0                        EPOCH OF CURRENT MAP
    25.0-180.0 180.0   5.0 400.0                            LAT/LON1/LON2/DLON/H
 4075 3406 2686 1996 1426 1026  795  694  673  712  791  901 1011 1080 1120 1150
 1200 1250 1310 1350 1380 1410 1470 1540 1590 1600 1591 1581 1531 1401 1212 1002
  872  812  801  811  880 1070 1409 1878 2377 2806 3126 3405 3725 4105 4525 4965
 5445 5954 6464 6944 7375 7735 8026 8237 8357 8388 8349 8310 8280 8200 7990 7651
 7232 6793 6394 6044 5744 5454 5104 4655 4075
    22.5-180.0 180.0   5.0 400.0                            LAT/LON1/LON2/DLON/H
 5335 4696 3936 3137 2397 1796 1376 1105  953  892  912  961 1021 1071 1090 1100
 1130 1170 1210 1240 1280 1330 1440 1570 1670 1710 1701 1661 1572 1402 1182  982
  862  812  811  831  900 1110 1469 1948 2447 2876 3215 3535 3905 4345 4814 5334
 5894 6464 7003 7484 7894 8215 8476 8696 8857 8938 8969 8999 9039 9009 8850 8540
 8142 7722 7333 7014 6744 6504 6224 5844 5335
    20.0-180.0 180.0   5.0 400.0                            LAT/LON1/LON2/DLON/H
 6584 6035 5326 4516 3687 2937 2346 1905 1594 1393 1282 1222 1191 1151 1120 1090
 1080 1090 1110 1121 1161 1240 1410 1600 1760 1831 1821 1742 1602 1392 1162  962
  852  832  841  861  930 1140 1509 1988 2487 2926 3305 3664 4084 4564 5074 5624
 6214 6803 7343 7793 8134 8385 8596 8777 8918 9008 9079 9169 9269 9309 9219 9000
 8671 8322 8012 7773 7573 7413 7233 6974 6584
     2                                                      END OF TEC MAP
                                                            END OF FILE
